10314135
11773486
17783696
10607647
26603471
33596057
10110920
78949619
87240517
73555418
59170716
36954027
79206318
21146676
21165972
20890487
21056499
18929007
17427709
17089188
17079786
17642936
18218399
17865609
13140502
18666685
19317870
20105933
20327847
19974332
15502207
14256407
19949990
63887528
65438313
29933081
67016513
24209598
27437494
25041992
25343069
25654587
25604113
25284291
26153980
25965361
26121124
26137063
26490308
26586038
26905621
26700108
26811260
27917399
28847882
21863874
29169144
28861850
29225575
29387672
29404399
35478914
35256016
34897034
35251278
35252045
35516182
35512969
35522921
39680149
39378337
39453630
39642409
40105255
39568578
39626705
39149931
39066424
39541475
37668044
37501379
37644420
35890270
36032731
35871217
35859136
35674462
35805931
36044780
37043958
37817988
37828211
37760099
38268635
38319078
38371908
34354235
34461716
34458413
38772074
36069392
36700548
36078502
36424540
35517421
39876876
39289105
14711198
16931780
31851440
32085490
31857856
31946166
31603250
31488710
31474167
32150462
32347851
32161162
32161332
32277799
30562003
32773648
33045964
27266177
27227260
27524060
28493894
28691963
30237897
30835654
30836030
30614763
30708644
31079942
31417309
30897196
30899385
31280834
34592055
33881886
33867395
27174809
69782310
10538009
12226993
10112451
12783582
10701309
39694433
89919711
39548216
13226504
33510462
27465390
27616925
27231799
27564747
27364276
28158459
24240711
25075781
24982602
28492383
28691823
28315996
28861265
29402256
25595742
28986548
28898541
28974477
29419523
29427984
29805601
29135789
26986443
26976995
26898803
27116124
26927935
30589548
30702174
31173809
31332877
31300061
31347688
31325951
31887887
31778271
32075789
33509596
30921593
32778224
33258461
33255535
33756798
33768230
38780611
39240890
39129310
39187442
39507617
39594374
40105794
40032673
40010890
40030875
40180508
40422285
34727937
35484566
35383220
35144277
35208488
37112682
37375926
37420727
35805389
35839372
35843183
37921637
38216775
38010409
38226053
38279246
38562630
38570560
53162428
51322614
26070457
26086280
25673948
25612620
25937961
24209946
21809144
23056712
26330769
26388899
26406137
20652284
36075244
36921013
36712686
35377476
36535458
36491493
32474160
32360408
32358535
33037139
33046359
30247604
32840159
30078306
29933553
75864728
76717214
73588014
72363728
14876545
13698309
16988804
16817244
17919032
17871080
18877503
10036852
15912138
15552840
15251735
15108045
19918580
20070285
38200682
30987489
10290244
16263095
13406537
13898634
13169837
13245479
19632687
18530635
19065995
20651075
10273498
16965448
15672196
17530186
16503940
15502282
18175509
14454896
15006706
21814296
21203149
21787493
24233510
25284976
37643971
20757183
39902060
10120268
10020743
10044758
12289197
25015878
33637683
33242557
33071299
33150636
35836616
35841865
35825614
34217122
32325637
32345425
32787371
34589577
34604126
34602085
36737239
36564598
36928905
36087803
36500581
37468924
37100102
37307572
37247057
27199224
27433863
29786321
30365178
29803560
30074289
30204522
30284135
30522486
30708253
30730089
30715160
30701429
27708692
27771815
27529062
27746802
31066956
31300088
27727441
28862555
28682085
28676530
28782713
28320337
28328702
28323883
31897459
31939518
31941075
31582016
31515424
39876965
39846829
39680629
39730472
28891806
26375223
26628083
29529132
29628777
29615594
38736620
40135820
40148647
37212245
37975621
38124234
38109235
37972134
38166956
38152459
40571132
32146910
40995013
29134189
35518789
34697728
34594872
56240918
66019519
66948013
78905212
53624618
57271515
66245918
83016612
71154017
82607315
81847118
82592318
38391488
38496190
38817353
38794493
38864874
39034344
39185628
35388303
39095203
26388538
26990343
31587786
11513034
11790984
39671360
26739012
20756373
34221723
29215863
39850842
10073251
12996144
13171238
14227741
17447408
10152410
87713911
29635722
29540942
29609233
29807132
29914044
29770522
29788502
30197852
30197976
30247299
28869630
28865422
30505557
30499107
30689445
30613899
30588878
26135265
25844998
26115140
25662202
31490502
31863783
31502020
32319564
32339999
19691403
20100397
20133147
27113370
25593049
27308341
27379869
27981844
26458102
27221688
27236081
19738582
19944646
16080241
15116072
24212793
24217167
24243435
25146964
20944196
17555685
17620487
25518071
24977722
25220501
25292324
32643388
34704740
34085935
35242988
35448314
35382100
35378812
35376801
33150946
33047320
33355742
37663999
36931108
38036378
37842680
38474669
38303325
38219685
38469363
38757105
37748161
38467395
38747347
38404903
38616196
39893991
40158030
40445439
40023712
40138749
33241070
33779607
33969384
33759479
36469595
73365716
75146310
75190018
78714611
79491012
73138515
34460442
42321214
36923318
32644473
87988414
88430212
70406918
10526779
19301702
30235487
10547431
37811807
73471419
18759470
10095921
19444090
12239831
10974577
30691210
17123793
16864994
16174386
16990302
16271276
13262179
28892810
29171165
29206945
29630550
31346576
30177339
31495288
31586208
30350030
30703197
30807642
31616433
37834114
37928143
37239410
37319643
37247782
37372862
38455745
35392173
38129627
38475681
40248110
39916444
28104774
28107730
27917747
27925669
27408745
26990491
27607594
25615700
26060818
26911419
28497334
28498314
28785410
32784429
34220980
34224641
34351961
34464774
33752873
33756887
34090416
33882890
34609152
34624437
34699488
20304510
20064072
39213435
38634399
39661594
39684659
69694012
75962118
25497074
26586062
24557219
35473025
31944600
32474578
32319548
32061427
36493011
36534974
36548681
36692383
36700335
34718997
35140700
36928107
36929898
34734550
82218912
89989019
36069058
20897295
32886574
39290340
38513370
37103101
35530517
31156238
32354386
12330936
25477081
10270642
28656491
38377973
10314631
26397944
19268292
10013461
25715160
15083131
15010142
17004387
31619297
31627192
32307256
32473180
32645534
31493005
31496837
32323448
33048785
33381476
33155298
32146856
31850762
32279597
34042500
34458448
34450692
34210993
34578370
34695563
34721823
34725888
39300273
39667576
39571498
39375338
39295024
40275703
40267417
40017569
40755519
37510068
37849510
38051741
37959227
35658939
35377670
35633006
36410604
38369369
38422693
38299360
38874950
39093944
19327779
19548708
26929962
26885051
27966799
28851588
28483678
28694415
65746611
66775216
66546411
70062615
73218519
75639619
85945610
66067017
80837410
36534206
34877084
36964847
30985974
31156130
31162580
35041966
35243070
37287598
20937793
21037494
20858206
21037389
21377430
21356530
25862120
25869702
25767470
26046742
26085942
26735793
44224712
24234592
25228871
18240149
18673371
24997235
24259471
13909709
29012113
29131953
28981341
15376104
30175239
29536961
29425809
30541359
30272153
30282671
36698373
35252754
11149839
38724967
36430826
38074393
15847808
30275233
32662277
13733600
19125742
30882083
17857037
74998011
25992849
28014910
28638361
28460325
29478929
31658632
31449294
31239605
31929342
33617690
33322461
34673292
35503366
37325481
35937080
35549153
25783336
18968894
20534176
32377998
71776115
72860152
82005714
88472519
18634279
14018808
16088935
20099992
12236247
21494445
25538455
18936194
12836481
57345217
47304318
50634728
49222610
42072656
20925248
17518747
19561909
20737034
26927056
28001142
29015775
29124426
34365229
36232145
38863215
34862117
16462004
16408530
31531241
31814200
32253520
30887697
29755841
37286079
17750992
26153506
25872762
32041515
26495776
36066539
66610012
51478010
25467191
19781607
20316039
18977400
16968196
14819649
14888195
14920196
21101796
24192946
18714442
18463792
33497121
33659466
33541554
33909551
36585471
36217375
30409590
27583210
27654444
28025319
32054196
31514304
42448117
25835794
26395291
32109055
35368426
76025452
72366018
51941519
74846815
12055870
29744564
25454758
76581614
16699233
28349009
26567963
12050879
13562571
15070501
14656987
14782834
30370007
30890221
31402867
19691071
21752770
26946891
27186149
28002963
26414032
27206662
17743171
24192881
34679460
34984697
35629645
35716440
38986643
36992786
33899939
33637217
45169111
48110614
75277113
32808174
80272928
27876013
27078060
30443640
10195705
15293144
16427837
15837934
39313022
43051954
38225014
38775480
28062362
59108115
64063413
88681010
34826315
50159817
20818670
21049891
21812773
26506069
26544580
26612314
24197972
20183497
20298146
25040341
17929704
19779130
28939523
30403398
30742923
30786343
30153103
30314468
28372213
31543231
15259809
27828361
20013982
11923976
12183399
10764211
15916583
16117781
29076820
29551138
30439716
31652650
28476957
28586388
32862918
34538077
20116846
21000795
58746428
26076838
26560071
21447587
24192970
25232941
35558306
35365478
32038603
32404103
35794700
77896813
20355689
27272770
26714443
28629826
40087478
37196509
32895751
40183574
10139872
36486023
79155128
40596291
35413030
39338599
36422459
26005140
35139540
38758381
34707863
38296124
31580846
38193740
34598932
35812377
38977652
38635840
40202447
82851712
28677472
30580788
40167978
38910671
30513118
35832769
37126055
37274550
24226255
37090182
37890774
35209808
38102095
40566473
25469984
12504640
12515596
10141222
19554899
20768509
26473756
25812573
26906040
27033644
10478006
20012838
27522319
27617034
27929036
31768586
32140726
29515824
29629684
29821631
30565061
32439306
32260055
32157750
32836194
33054947
33272219
33528949
33765045
15671599
17642731
17808486
20175605
20215593
15138408
15280077
12784899
10980690
13697477
34904103
35211926
28901194
28973853
31475589
30909437
31170761
31597684
27593569
28147953
17394630
28883609
28891911
29222665
29240523
29243298
27330614
36048174
36934026
66045811
25664132
43883119
66663914
53385613
50498816
69042910
75955510
71298116
83529016
87544028
77829318
38819372
38874993
34606382
37135267
37223107
39358492
40240578
37804819
37757101
37760404
38426516
38155938
38299417
19015637
38191039
27508219
25597184
25902025
24211738
12321740
10382947
10138825
10081785
10662508
10468388
15658738
13932999
18999102
20797606
20947101
25538412
30900340
15203706
16707538
17055682
12092474
21279846
25068874
18694174
19943305
19965910
25550250
25499522
25362195
25298292
10031613
25401107
39683024
32889034
33241143
35521674
34364613
34216169
34468680
32661912
32325084
33955332
36941537
36396393
36478497
37199133
37119326
27180663
29808163
27910904
31176360
28843909
28302576
31492432
42709212
42750328
26089344
26665922
26673615
26868866
26857961
29621896
37668613
37670065
38011219
32148034
32272096
32286178
35391932
35385738
13833583
34735948
34577064
34595100
35476962
52892112
78839228
51814312
75862717
39004593
39511665
50862712
53208517
25626044
87806316
36911093
37905070
13121184
10903688
14373691
14689605
21737046
21843784
21239240
16436941
18262584
36911549
36492929
33362749
34593442
34693765
33268130
37355372
36988088
38217933
38222899
35820256
37751812
33262434
33074964
33146280
40347577
39451166
39302675
26257689
26068126
27348440
27295452
27587887
27273378
30554957
30277392
28313578
31418666
30695674
31053919
31991218
32099505
32558283
32830439
15768584
15736240
28706006
20943084
15919299
17275992
29209464
29418020
24241785
25120760
25218868
24379612
25490967
25549139
29514828
29606072
26922747
27116469
26753864
26987237
29788421
29797749
51211618
42783110
73676428
66643719
70316811
78878428
79524115
82991816
89926211
77118012
33873379
53604919
54104510
79300918
29392315
33394497
10325005
28329598
19331385
19757803
14800174
15274190
14920293
14964134
14749438
11014097
25462661
16499609
18378035
19233391
21093939
12424248
30078128
25707958
36985348
10020360
25445309
10138515
10562112
29687099
29624844
26908574
26801958
28995938
30510429
29938601
28662998
26058708
27292224
27514715
27091555
27927882
27924433
25485076
21771775
26636434
27241484
26373085
31423325
31301122
30609425
36441941
36537450
32450938
33053673
35085211
35234470
32473547
32649904
35521046
35669698
35381945
35395555
35253106
30599829
30833244
31054125
32082998
34076316
34487715
33396988
36987820
39329433
38676989
37367567
37284637
39721805
40073590
37672416
38369180
38183346
38836714
38776746
38625608
87554716
86613611
66662713
78793910
76205213
25476182
35816011
36489987
12451598
29777373
29771995
29517495
28851529
28150539
29203466
28496184
28714041
28129211
28854412
29974306
29935785
30513258
31256976
30615298
31755328
32139922
26317797
27453864
27324363
27465870
32307566
32306497
37307890
37447285
19756092
36951419
34729700
34731578
32938280
32886825
37493511
32661254
33756089
33640234
33758847
33395876
27556183
36028688
35866582
35514694
36469420
36533781
36434864
36084952
34625301
37810746
37907189
38154052
26829798
27008437
33151403
35407170
35405100
10772249
16975400
32473148
15288205
15105909
18466686
17472577
16989878
20960981
21120898
10011337
38736337
31866200
25486064
26146925
24216519
24219704
24222632
46098811
49298218
38878468
62177810
63522112
53634516
38748343
38703390
41220910
40270450
39290332
38762559
39680653
40469931
33388322
75711115
81684316
37529842
35417133
14412999
10059844
12678444
10639476
36037741
20012595
13451605
13828687
16167444
15277734
16213306
16068985
13234833
13201846
14905081
18055899
15554746
29634602
29919801
30193652
30066367
30358562
30527127
30697022
28867182
30920074
37239526
37074098
37303623
37494437
38369326
38345885
38381733
28124341
27775764
27982379
28135513
28325304
27611877
27638929
25691121
26633281
27111424
27142966
27377939
28862636
32938949
32942237
34046468
34218161
34464553
34474540
34083398
52085012
20153636
20612630
38930036
39461404
39634481
21046787
70152517
70912414
75645317
26094909
26157374
25539028
26373689
26570492
21698008
24237281
24244032
24217817
24228533
36030410
32305164
32299156
36494441
36504552
35210881
35869662
35671730
25702921
36925655
21536849
73617928
85053817
82583319
84512028
84299510
33784023
35395008
20756748
26221404
25527704
25527607
26805023
32199313
16813575
18471930
18209748
15569190
13715092
34146217
34095736
34104484
27566561
36654740
61513213
73855713
34020191
40978119
33926804
20796685
27084516
33673507
13532435
30397878
27879896
31378966
31514282
40084509
29382115
66912914
62338911
31824656
35702121
72516915
20995785
21493309
33900732
34136939
40176918
27486150
32145140
29343098
67269012
62225017
14539794
14773479
16106496
17513796
26919991
30874692
34905762
35736549
30851684
30981103
34030375
38947613
37841722
63302716
58601519
86708612
70295415
50835510
28143753
38067664
19221032
11417701
29278857
10887305
18391007
17280244
18788632
37150398
27715087
25721632
26903076
47065917
20437383
20464038
39115484
57520116
68138515
69995713
25527976
25542991
36313293
88705912
34113556
11200303
27343716
32190529
32495230
33839510
33170823
17933388
17357409
25527771
64362712
62433159
83906413
28147147
18248247
20886986
22021478
18206234
28426283
37838926
15928239
31363004
17550942
32789978
32787312
21820997
35844481
33390556
34213992
38940139
27962114
27292089
36702494
27588875
29413436
37080969
39132451